%YAML:1.0
---
image_width: 1920
image_height: 1080
intrinsic_left: !!opencv-matrix
   rows: 3
   cols: 3
   dt: d
   data: [ 1.7422522866868687e+03, 0., 8.7610245980545699e+01, 0.,
       8.7447605959395196e+02, 4.1016525265409189e+02, 0., 0., 1. ]
distCoeffs_left: !!opencv-matrix
   rows: 1
   cols: 5
   dt: d
   data: [ -5.5665433857291857e-01, 6.5025065541929339e-01,
       -1.2804042180038914e-02, 2.8429673451413919e-02,
       -3.4839982092942623e-01 ]
intrinsic_right: !!opencv-matrix
   rows: 3
   cols: 3
   dt: d
   data: [ 1.8193511819702078e+03, 0., -3.4554370565086771e+01, 0.,
       8.7982966268810821e+02, 3.7837053629061722e+02, 0., 0., 1. ]
distCoeffs_right: !!opencv-matrix
   rows: 1
   cols: 5
   dt: d
   data: [ -7.3756005956416970e-01, 1.6766679601139123e+00,
       -2.0342217134420758e-02, 2.6466942084882776e-03,
       -1.7666933646728651e+00 ]
R: !!opencv-matrix
   rows: 3
   cols: 3
   dt: d
   data: [ 9.9976528864672398e-01, -2.4366777325380696e-03,
       2.1527429450830204e-02, 2.4236134473901347e-03,
       9.9999686273986577e-01, 6.3293623974958830e-04,
       -2.1528904175325509e-02, -5.8061351492345707e-04,
       9.9976805768785992e-01 ]
T: !!opencv-matrix
   rows: 3
   cols: 1
   dt: d
   data: [ -5.9069396039486413e+01, 2.6931068708585842e-02,
       1.0535427829393074e+01 ]
R_L: !!opencv-matrix
   rows: 3
   cols: 3
   dt: d
   data: [ 9.8801204004392373e-01, -2.7457119709226952e-03,
       -1.5435242075852396e-01, 2.8094288436243398e-03,
       9.9999603459789443e-01, 1.9467423918069889e-04,
       1.5435127416972069e-01, -6.2598263515915116e-04,
       9.8801583606130727e-01 ]
R_R: !!opencv-matrix
   rows: 3
   cols: 3
   dt: d
   data: [ 9.8446402196772809e-01, -4.4883933126759200e-04,
       -1.7558584223786142e-01, 3.7629220459760282e-04,
       9.9999982953610667e-01, -4.4646605093155879e-04,
       1.7558601269833884e-01, 3.7345818050032656e-04,
       9.8446402304689939e-01 ]
P1: !!opencv-matrix
   rows: 3
   cols: 4
   dt: d
   data: [ 3.1198870958777097e+03, 0., 4.9033690452575684e+02, 0., 0.,
       3.1198870958777097e+03, 3.9161034393310547e+02, 0., 0., 0., 1.,
       0. ]
P2: !!opencv-matrix
   rows: 3
   cols: 4
   dt: d
   data: [ 3.1198870958777097e+03, 0., 4.9033690452575684e+02,
       -1.8719815285532572e+05, 0., 3.1198870958777097e+03,
       3.9161034393310547e+02, 0., 0., 0., 1., 0. ]
Q: !!opencv-matrix
   rows: 4
   cols: 4
   dt: d
   data: [ 1., 0., 0., -4.9033690452575684e+02, 0., 1., 0.,
       -3.9161034393310547e+02, 0., 0., 0., 3.1198870958777097e+03, 0.,
       0., 1.6666227995790556e-02, 0. ]
validROIL: [ 0, 0, 1280, 720 ]
validROIR: [ 0, 0, 1280, 720 ]
